//Dat File

outFile="MPVSBPP_SET1_IT200_ITV1_NT1_TS3_WT1_VT1_REP1";
m=200;
o=34;
p=3;
numVTypes=1;

demand = [3, 3, 3, 2, 5, 11, 8, 10, 7, 1, 10, 3, 11, 1, 3, 9, 4, 8, 1, 10, 9, 9, 8, 11, 8, 11, 11, 7, 8, 4, 9, 7, 8, 4, 10, 10, 8, 10, 11, 10, 6, 4, 3, 4, 6, 8, 6, 3, 11, 5, 11, 5, 10, 7, 2, 11, 8, 1, 1, 6, 4, 8, 7, 9, 8, 11, 5, 10, 10, 9, 5, 10, 10, 3, 9, 11, 8, 11, 1, 6, 9, 11, 8, 1, 3, 2, 7, 9, 9, 9, 3, 11, 1, 11, 1, 7, 1, 8, 8, 10, 9, 5, 5, 4, 5, 7, 7, 10, 6, 2, 5, 4, 5, 1, 3, 1, 9, 1, 4, 5, 10, 5, 11, 8, 5, 11, 2, 8, 11, 3, 7, 5, 9, 11, 4, 6, 2, 8, 6, 4, 7, 5, 3, 3, 9, 6, 1, 11, 5, 5, 17, 16, 17, 15, 14, 16, 12, 17, 12, 14, 12, 15, 13, 16, 13, 18, 14, 14, 15, 19, 19, 13, 14, 15, 15, 16, 13, 16, 18, 13, 12, 12, 17, 14, 17, 17, 19, 18, 16, 12, 12, 14, 17, 14, 12, 14, 17, 16, 16, 14];
Depot_Cap = [30000, 30000, 30000];
Tarif = [10, 3, 7];
VeicVolume = [100];
VeicCost = [100];
VeicType = [1, 1, 1, 1, 1, 1, 1, 1, 1, 1, 1, 1, 1, 1, 1, 1, 1, 1, 1, 1, 1, 1, 1, 1, 1, 1, 1, 1, 1, 1, 1, 1, 1, 1];
Elect_vehicle = [[70, 100, 30], [70, 100, 30], [70, 100, 30], [70, 100, 30], [70, 100, 30], [70, 100, 30], [70, 100, 30], [70, 100, 30], [70, 100, 30], [70, 100, 30], [70, 100, 30], [70, 100, 30], [70, 100, 30], [70, 100, 30], [70, 100, 30], [70, 100, 30], [70, 100, 30], [70, 100, 30], [70, 100, 30], [70, 100, 30], [70, 100, 30], [70, 100, 30], [70, 100, 30], [70, 100, 30], [70, 100, 30], [70, 100, 30], [70, 100, 30], [70, 100, 30], [70, 100, 30], [70, 100, 30], [70, 100, 30], [70, 100, 30], [70, 100, 30], [70, 100, 30]];